24587
91273
25673
50525
28568
80015
57519
51455
95430
38954
96442
68395
31097
85683
99982
61458
20769
68617
80506
29802
14580
53255
63121
43803
21684
85388
26729
97303
58960
26918
40993
60449
42914
34051
89340
34833
26931
98881
76599
92350
83920
44285
96893
19620
72756
96101
50743
68670
91783
64119
97254
43192
91125
53026
67738
41132
77369
83458
19073
24523
99573
42191
93673
43970
30314
54116
56448
53816
92845
95387
29691
89707
44308
85990
40569
26554
92413
83591
30307
24143
51132
84414
25005
19448
67422
10819
63628
68429
58744
61320
55660
79652
72629
51553
30959
60005
62712
59797
29210
25472
